Time :0
waiting tasks : (1,2,7) (2,2,6) (3,2,7) (4,2,5) (5,2,6) (6,2,8) (7,2,5) (8,2,5) (9,2,6) (10,2,5) (11,2,6) (12,2,5) (13,2,8) (14,3,5) (15,3,7) (16,3,7) (17,3,7) (18,3,8) (19,3,5) (20,3,8) 
Queue1: Closed
Queue2: Closed

Time :1
waiting tasks : (1,2,7) (2,2,6) (3,2,7) (4,2,5) (5,2,6) (6,2,8) (7,2,5) (8,2,5) (9,2,6) (10,2,5) (11,2,6) (12,2,5) (13,2,8) (14,3,5) (15,3,7) (16,3,7) (17,3,7) (18,3,8) (19,3,5) (20,3,8) 
Queue1: Closed
Queue2: Closed

Time :2
waiting tasks : (14,3,5) (15,3,7) (16,3,7) (17,3,7) (18,3,8) (19,3,5) (20,3,8) 
Queue1:(1,2,7) (3,2,7) (5,2,6) (7,2,5) (9,2,6) (11,2,6) (13,2,8) 
Queue2:(2,2,6) (4,2,5) (6,2,8) (8,2,5) (10,2,5) (12,2,5) 

Time :3
waiting tasks : 
Queue1:(1,2,6) (3,2,7) (5,2,6) (7,2,5) (9,2,6) (11,2,6) (13,2,8) (15,3,7) (17,3,7) (19,3,5) 
Queue2:(2,2,5) (4,2,5) (6,2,8) (8,2,5) (10,2,5) (12,2,5) (14,3,5) (16,3,7) (18,3,8) (20,3,8) 

Time :4
waiting tasks : 
Queue1:(1,2,5) (3,2,7) (5,2,6) (7,2,5) (9,2,6) (11,2,6) (13,2,8) (15,3,7) (17,3,7) (19,3,5) 
Queue2:(2,2,4) (4,2,5) (6,2,8) (8,2,5) (10,2,5) (12,2,5) (14,3,5) (16,3,7) (18,3,8) (20,3,8) 

Time :5
waiting tasks : 
Queue1:(1,2,4) (3,2,7) (5,2,6) (7,2,5) (9,2,6) (11,2,6) (13,2,8) (15,3,7) (17,3,7) (19,3,5) 
Queue2:(2,2,3) (4,2,5) (6,2,8) (8,2,5) (10,2,5) (12,2,5) (14,3,5) (16,3,7) (18,3,8) (20,3,8) 

Time :6
waiting tasks : 
Queue1:(1,2,3) (3,2,7) (5,2,6) (7,2,5) (9,2,6) (11,2,6) (13,2,8) (15,3,7) (17,3,7) (19,3,5) 
Queue2:(2,2,2) (4,2,5) (6,2,8) (8,2,5) (10,2,5) (12,2,5) (14,3,5) (16,3,7) (18,3,8) (20,3,8) 

Time :7
waiting tasks : 
Queue1:(1,2,2) (3,2,7) (5,2,6) (7,2,5) (9,2,6) (11,2,6) (13,2,8) (15,3,7) (17,3,7) (19,3,5) 
Queue2:(2,2,1) (4,2,5) (6,2,8) (8,2,5) (10,2,5) (12,2,5) (14,3,5) (16,3,7) (18,3,8) (20,3,8) 

Time :8
waiting tasks : 
Queue1:(1,2,1) (3,2,7) (5,2,6) (7,2,5) (9,2,6) (11,2,6) (13,2,8) (15,3,7) (17,3,7) (19,3,5) 
Queue2:(4,2,5) (6,2,8) (8,2,5) (10,2,5) (12,2,5) (14,3,5) (16,3,7) (18,3,8) (20,3,8) 

Time :9
waiting tasks : 
Queue1:(3,2,7) (5,2,6) (7,2,5) (9,2,6) (11,2,6) (13,2,8) (15,3,7) (17,3,7) (19,3,5) 
Queue2:(4,2,4) (6,2,8) (8,2,5) (10,2,5) (12,2,5) (14,3,5) (16,3,7) (18,3,8) (20,3,8) 

Time :10
waiting tasks : 
Queue1:(3,2,6) (5,2,6) (7,2,5) (9,2,6) (11,2,6) (13,2,8) (15,3,7) (17,3,7) (19,3,5) 
Queue2:(4,2,3) (6,2,8) (8,2,5) (10,2,5) (12,2,5) (14,3,5) (16,3,7) (18,3,8) (20,3,8) 

Time :11
waiting tasks : 
Queue1:(3,2,5) (5,2,6) (7,2,5) (9,2,6) (11,2,6) (13,2,8) (15,3,7) (17,3,7) (19,3,5) 
Queue2:(4,2,2) (6,2,8) (8,2,5) (10,2,5) (12,2,5) (14,3,5) (16,3,7) (18,3,8) (20,3,8) 

Time :12
waiting tasks : 
Queue1:(3,2,4) (5,2,6) (7,2,5) (9,2,6) (11,2,6) (13,2,8) (15,3,7) (17,3,7) (19,3,5) 
Queue2:(4,2,1) (6,2,8) (8,2,5) (10,2,5) (12,2,5) (14,3,5) (16,3,7) (18,3,8) (20,3,8) 

Time :13
waiting tasks : 
Queue1:(3,2,3) (5,2,6) (7,2,5) (9,2,6) (11,2,6) (13,2,8) (15,3,7) (17,3,7) (19,3,5) 
Queue2:(6,2,8) (8,2,5) (10,2,5) (12,2,5) (14,3,5) (16,3,7) (18,3,8) (20,3,8) 

Time :14
waiting tasks : 
Queue1:(3,2,2) (5,2,6) (7,2,5) (9,2,6) (11,2,6) (13,2,8) (15,3,7) (17,3,7) (19,3,5) 
Queue2:(6,2,7) (8,2,5) (10,2,5) (12,2,5) (14,3,5) (16,3,7) (18,3,8) (20,3,8) 

Time :15
waiting tasks : 
Queue1:(3,2,1) (5,2,6) (7,2,5) (9,2,6) (11,2,6) (13,2,8) (15,3,7) (17,3,7) (19,3,5) 
Queue2:(6,2,6) (8,2,5) (10,2,5) (12,2,5) (14,3,5) (16,3,7) (18,3,8) (20,3,8) 

Time :16
waiting tasks : 
Queue1:(5,2,6) (7,2,5) (9,2,6) (11,2,6) (13,2,8) (15,3,7) (17,3,7) (19,3,5) 
Queue2:(6,2,5) (8,2,5) (10,2,5) (12,2,5) (14,3,5) (16,3,7) (18,3,8) (20,3,8) 

Time :17
waiting tasks : 
Queue1:(5,2,5) (7,2,5) (9,2,6) (11,2,6) (13,2,8) (15,3,7) (17,3,7) (19,3,5) 
Queue2:(6,2,4) (8,2,5) (10,2,5) (12,2,5) (14,3,5) (16,3,7) (18,3,8) (20,3,8) 

Time :18
waiting tasks : 
Queue1:(5,2,4) (7,2,5) (9,2,6) (11,2,6) (13,2,8) (15,3,7) (17,3,7) (19,3,5) 
Queue2:(6,2,3) (8,2,5) (10,2,5) (12,2,5) (14,3,5) (16,3,7) (18,3,8) (20,3,8) 

Time :19
waiting tasks : 
Queue1:(5,2,3) (7,2,5) (9,2,6) (11,2,6) (13,2,8) (15,3,7) (17,3,7) (19,3,5) 
Queue2:(6,2,2) (8,2,5) (10,2,5) (12,2,5) (14,3,5) (16,3,7) (18,3,8) (20,3,8) 

Average service time: 6.3
Average waiting time: 10.7
Peak hour: 3
